#Layer_Physical_Order=6
#Layer_Color=1462238
#
#Feature symbol names
#
$0 r4
$1 r10
$2 r25
$3 r8
$4 r51.1811
$5 r50
$6 s68.8976
$7 r70
$8 r17.7165
$9 r18

#
#Feature attribute names
#
@0 .geometry
@1 .pad_usage

#
#Feature attribute text strings
#
&0 Pad_Simple_X51.1811Y51.1811H31.4961C51.4961
&1 Pad_Simple_X50.0000Y50.0000H35.4331C55.4331
&2 Pad_Simple_X68.8976Y68.8976H49.2126C69.2126
&3 Pad_Simple_X70.0000Y70.0000H40.0000C60.0000
&4 Pad_Simple_X17.7165Y17.7165H9.8425C29.8425
&5 VIA_RoundD18.0000H8.0000C28.0000

#
#Layer features
#
L 0.000748 1.764556 0.000748 1.7645596 0 P 0
L 0.000748 1.764556 0.006213 1.759091 0 P 0
L -0.003441 1.8390787 0.0393701 1.8818898 0 P 0
L 0.006213 1.759091 0.0062132 1.759091 0 P 0
L 0.0062132 1.759091 0.0165247 1.7487795 0 P 0
L -0.007094 1.1188583 0.8802289 1.1188583 0 P 0
L -0.0096609 1.8470787 0.015 1.8717396 0 P 0
L -0.0149679 1.3378346 0.4141339 1.3378346 0 P 0
L 0.015 1.8717396 0.015 1.8787329 0 P 0
L 0.015 1.8787329 0.0331569 1.8968898 0 P 0
L 0.0165247 1.7487795 0.07796 1.7487795 0 P 0
L -0.0174088 1.3353937 -0.0149679 1.3378346 0 P 0
L -0.0213459 1.1331102 -0.007094 1.1188583 0 P 0
L -0.0213459 1.7866535 0.000748 1.7645596 0 P 0
L 0.0216536 1.9291339 0.0216536 1.9523155 0 P 0
L 0.0243393 1.1582913 0.0362133 1.1464173 0 P 0
L 0.0278668 1.9141339 0.0743628 1.9606299 0 P 0
L 0.0279213 1.8195197 0.0511811 1.7962599 0 P 0
L -0.0298352 1.3353937 -0.0174088 1.3353937 0 P 0
L -0.032275 2.0062441 0.0216536 1.9523155 0 P 0
L -0.0322761 1.3378346 -0.0298352 1.3353937 0 P 0
L 0.0331569 1.8968898 0.0455833 1.8968898 0 P 0
L -0.0337723 1.1331102 -0.0213459 1.1331102 0 P 0
L 0.0362133 1.1464173 0.1173301 1.1464173 0 P 0
L -0.0408982 1.1259843 -0.0337723 1.1331102 0 P 0
L -0.0454882 1.9982441 -0.0275591 1.980315 0 P 0
L 0.0455833 1.8968898 0.0684574 1.8740157 0 P 0
L 0.0511811 1.7637795 0.0511811 1.7962599 0 P 0
L -0.0540885 1.0516772 0.9191896 1.0516772 0 P 0
L -0.0551181 1.1692913 0.0590551 1.1692913 1 P 0
L -0.0574022 1.0596772 0.8825138 1.0596772 0 P 0
L -0.0580277 1.047738 -0.0540885 1.0516772 0 P 0
L 0.0590551 1.1692913 0.0669291 1.1614173 1 P 0
L -0.0600859 1.2283465 0.9685039 1.2283465 0 P 0
L -0.0607873 1.0676772 0.8564495 1.0676772 0 P 0
L -0.0613414 1.055738 -0.0574022 1.0596772 0 P 0
L -0.0615081 1.1582913 0.0243393 1.1582913 0 P 0
L -0.0629036 1.2368425 0.8628267 1.2368425 0 P 0
L 0.0629921 0.3031496 0.3425197 0.5826772 0 P 0
L -0.0646772 1.1788504 -0.0551181 1.1692913 1 P 0
L -0.0647265 1.063738 -0.0607873 1.0676772 0 P 0
L -0.0650881 1.2120306 0.9297017 1.2120306 0 P 0
L 0.0684574 1.8740157 0.1811024 1.8740157 0 P 0
L -0.0708661 0.3031496 0.0629921 0.3031496 0 P 0
L -0.0710672 1.1678504 -0.0615081 1.1582913 0 P 0
L -0.0716122 0.965313 -0.0511811 0.9448819 0 P 0
L 0.0743628 1.9606299 0.1922243 1.9606299 0 P 0
L 0.0755477 1.725154 0.0944882 1.7440945 0 P 0
L -0.0777094 0.8858268 0.2042273 0.8858268 0 P 0
L 0.07796 1.7487795 0.104023 1.7748425 0 P 0
L -0.0797722 1.1973465 -0.0650881 1.2120306 0 P 0
L -0.0810231 0.8778268 0.2009135 0.8778268 0 P 0
L -0.0810243 0.8891417 -0.0777094 0.8858268 0 P 0
L -0.0830859 1.2053465 -0.0600859 1.2283465 0 P 0
L -0.084338 0.8811417 -0.0810231 0.8778268 0 P 0
L -0.0863996 1.2133465 -0.0629036 1.2368425 0 P 0
L 0.0900559 1.2469986 0.092212 1.2448425 0 P 0
L -0.0912993 1.7866535 -0.0213459 1.7866535 0 P 0
L 0.092212 1.2448425 0.1080067 1.2448425 0 P 0
L 0.0944882 1.7440945 0.1023622 1.7440945 0 P 0
L -0.0976772 1.9716929 -0.0905512 1.9645669 0 P 0
L -0.0983002 0.8891417 -0.0810243 0.8891417 0 P 0
L 0.098425 1.385824 0.1134222 1.3708268 0 P 0
L 0.0984252 1.4488189 0.1134252 1.4638189 0 P 0
L -0.0984252 1.7795276 -0.0912993 1.7866535 0 P 0
L 0.100212 1.9048898 0.111897 1.9165748 0 P 0
L -0.101614 0.8811417 -0.084338 0.8811417 0 P 0
L -0.102126 1.0076378 0.2403937 1.0076378 0 P 0
L 0.1022327 1.717154 0.1284252 1.7433465 0 P 0
L 0.104023 1.7748425 0.516496 1.7748425 0 P 0
L 0.1046384 1.2763386 0.1046385 1.2763387 0 P 0
L 0.1046385 1.2763387 0.862955 1.2763387 0 P 0
L 0.1080067 1.2448425 0.1268177 1.2636535 0 P 0
L 0.111897 1.9165748 0.2527165 1.9165748 0 P 0
L 0.1134222 1.3708268 0.1361345 1.3708268 0 P 0
L 0.1134252 1.4638189 0.2590623 1.4638189 0 P 0
L -0.1136752 1.2469986 0.0900559 1.2469986 0 P 0
L -0.1138275 1.57274 0.0658503 1.57274 0 P 0
L -0.1144795 1.9048898 0.100212 1.9048898 0 P 0
L -0.1146703 0.9055118 -0.0983002 0.8891417 0 P 0
L -0.1158338 1.24484 -0.1136752 1.2469986 0 P 0
L 0.1173301 1.1464173 0.1520152 1.1811024 0 P 0
L -0.1179841 0.8975118 -0.101614 0.8811417 0 P 0
L -0.1259843 1.0314961 -0.102126 1.0076378 0 P 0
L 0.1259843 1.0354331 0.4173228 1.0354331 0 P 0
L 0.1259843 1.1338583 0.2677165 1.1338583 0 P 0
L -0.1264486 1.9141339 0.0278668 1.9141339 0 P 0
L 0.1268177 1.2636535 0.9290099 1.2636535 0 P 0
L 0.1269076 1.5811848 0.1332893 1.5748031 0 P 0
L 0.1284252 1.7433465 0.2103222 1.7433465 0 P 0
L 0.1299213 1.3543307 0.1309521 1.3543307 0 P 0
L 0.1299213 1.3858268 0.3884323 1.3858268 0 P 0
L 0.1299213 1.4488189 0.1477797 1.4309605 0 P 0
L 0.1299213 1.6062992 0.1528475 1.583373 0 P 0
L 0.1299213 1.6692913 0.1708159 1.6692913 0 P 0
L 0.1309521 1.3543307 0.1459521 1.3693307 0 P 0
L -0.1331566 1.8862127 -0.1144795 1.9048898 0 P 0
L 0.1332893 1.5748031 0.2559055 1.5748031 0 P 0
L 0.1361345 1.3708268 0.1426384 1.3773307 0 P 0
L 0.1426384 1.3773307 0.4013627 1.3773307 0 P 0
L -0.1444488 1.8638655 -0.1444488 1.8762919 0 P 0
L 0.1459521 1.3693307 0.398049 1.3693307 0 P 0
L 0.1477797 1.4309605 0.706551 1.4309605 0 P 0
L -0.1481566 1.8799997 -0.1444488 1.8762919 0 P 0
L -0.1481566 1.8799997 -0.1481566 1.8924259 0 P 0
L -0.1481566 1.8924259 -0.1264486 1.9141339 0 P 0
L -0.1511344 1.1259843 -0.0408982 1.1259843 0 P 0
L 0.1520152 1.1811024 0.8976378 1.1811024 0 P 0
L 0.1528475 1.583373 0.2314832 1.583373 0 P 0
L -0.1532356 1.8550787 -0.1444488 1.8638655 0 P 0
L -0.162127 1.063738 -0.0647265 1.063738 0 P 0
L -0.1626626 1.3063386 0.4343162 1.3063386 0 P 0
L -0.1629477 1.114171 -0.1511344 1.1259843 0 P 0
L -0.1638262 1.0314961 -0.1259843 1.0314961 0 P 0
L 0.1653543 0.1574803 0.1732283 0.1496063 0 P 0
L -0.1653543 1.9015748 -0.1614173 1.9055118 0 P 0
L -0.1654388 1.717154 0.1022327 1.717154 0 P 0
L -0.1654407 1.055738 -0.0613414 1.055738 0 P 0
L -0.165662 1.8550787 -0.1532356 1.8550787 0 P 0
L -0.1687544 1.047738 -0.0580277 1.047738 0 P 0
L -0.1699146 1.2990866 -0.1626626 1.3063386 0 P 0
L -0.1700369 1.24484 -0.1158338 1.24484 0 P 0
L -0.1700394 1.4111096 -0.1700394 1.5165281 0 P 0
L -0.1700394 1.5165281 -0.1138275 1.57274 0 P 0
L 0.1708159 1.6692913 0.2024379 1.6376693 0 P 0
L 0.1732283 0.1496063 0.3858268 0.1496063 0 P 0
L -0.176542 1.2990866 -0.1699146 1.2990866 0 P 0
L -0.1768031 1.8470787 -0.0096609 1.8470787 0 P 0
L -0.1821383 1.871555 -0.165662 1.8550787 0 P 0
L -0.1821383 1.871555 -0.1821383 1.8838066 0 P 0
L -0.183794 1.3063386 -0.176542 1.2990866 0 P 0
L -0.1850394 1.2598425 -0.1700369 1.24484 0 P 0
L -0.1873235 1.0663071 -0.1687544 1.047738 0 P 0
L -0.1906372 1.0583071 -0.1638262 1.0314961 0 P 0
L 0.1906614 0.0449921 0.2519685 0.1062992 1 P 0
L 0.1922243 1.9606299 0.2992126 2.0676182 0 P 0
L 0.192913 1.625981 0.8425165 1.625981 0 P 0
L -0.1961922 1.0978032 -0.162127 1.063738 0 P 0
L -0.197598 0.965313 -0.0716122 0.965313 0 P 0
L -0.1995059 1.0898032 -0.1654407 1.055738 0 P 0
L -0.1998031 1.8700787 -0.1768031 1.8470787 0 P 0
L 0.2000073 1.8275197 0.2024482 1.8299606 0 P 0
L -0.2000393 1.2763386 0.1046384 1.2763386 0 P 0
L 0.2009135 0.8778268 0.2165355 0.8622048 0 P 0
L -0.2015354 1.5268113 -0.2015354 1.623826 0 P 0
L 0.2024379 1.6376693 0.8266457 1.6376693 0 P 0
L 0.2024482 1.8299606 0.2856088 1.8299606 0 P 0
L -0.2030636 1.0583071 -0.1906372 1.0583071 0 P 0
L 0.2042273 0.8858268 0.2245355 0.8655186 0 P 0
L -0.2063773 1.0663071 -0.1873235 1.0663071 0 P 0
L -0.208661 0.976376 -0.197598 0.965313 0 P 0
L 0.2095355 0.8503938 0.2125985 0.8503938 0 P 0
L -0.2100636 1.0513071 -0.2030636 1.0583071 0 P 0
L 0.2103222 1.7433465 0.2181927 1.751217 0 P 0
L 0.2125985 0.8503938 0.2165355 0.8543308 0 P 0
L -0.2128812 1.0598032 -0.2063773 1.0663071 0 P 0
L -0.2132346 1.6693582 -0.1654388 1.717154 0 P 0
L -0.2165354 1.2598425 -0.2000393 1.2763386 0 P 0
L -0.2165354 1.6062992 -0.2165354 1.6275123 0 P 0
L 0.2165355 0.8543308 0.2165355 0.8622048 0 P 0
L 0.2181927 1.751217 0.333869 1.751217 0 P 0
L -0.220472 1.114171 -0.1629477 1.114171 0 P 0
L 0.2204724 1.6692913 0.2236614 1.6724803 0 P 0
L -0.2221368 1.725154 0.0755477 1.725154 0 P 0
L -0.2227486 1.3378346 -0.0322761 1.3378346 0 P 0
L -0.2227489 1.3063386 -0.183794 1.3063386 0 P 0
L 0.2236614 1.6724803 0.2920866 1.6724803 0 P 0
L 0.2245355 0.8543308 0.2245355 0.8655186 0 P 0
L 0.2245355 0.8543308 0.2284743 0.850392 0 P 0
L -0.2260703 1.7212205 -0.2221368 1.725154 0 P 0
L 0.2284743 0.850392 0.232283 0.850392 0 P 0
L 0.2314832 1.583373 0.2394094 1.5912992 0 P 0
L -0.2315354 1.3117716 -0.2315354 1.3290478 0 P 0
L -0.2315354 1.3290478 -0.2227486 1.3378346 0 P 0
L -0.2384967 1.7212205 -0.2260703 1.7212205 0 P 0
L 0.2394094 1.5912992 0.2739297 1.5912992 0 P 0
L 0.2403937 1.0076378 0.3196457 0.9283858 0 P 0
L -0.2407555 1.2133465 -0.0863996 1.2133465 0 P 0
L -0.2418265 1.2144175 -0.2407555 1.2133465 0 P 0
L -0.2433144 1.3378346 -0.1700394 1.4111096 0 P 0
L -0.2440692 1.2053465 -0.0830859 1.2053465 0 P 0
L -0.2444431 1.1788504 -0.0646772 1.1788504 1 P 0
L -0.2451402 1.2064175 -0.2440692 1.2053465 0 P 0
L -0.2473829 1.1973465 -0.0797722 1.1973465 0 P 0
L -0.248031 1.2294174 -0.248031 1.2810565 0 P 0
L -0.248031 1.2810565 -0.2227489 1.3063386 0 P 0
L -0.2480314 0.980315 -0.2086614 1.019685 0 P 0
L -0.2480317 1.480315 -0.2015354 1.5268113 0 P 0
L -0.2484539 1.1984175 -0.2473829 1.1973465 0 P 0
L -0.2489994 1.1678504 -0.0710672 1.1678504 0 P 0
L 0.2527165 1.9165748 0.2716535 1.8976378 0 P 0
L -0.2530102 1.1874175 -0.2444431 1.1788504 1 P 0
L -0.2542447 1.3378346 -0.2433144 1.3378346 0 P 0
L -0.256527 1.2818091 -0.256527 1.28678 0 P 0
L -0.256527 1.28678 -0.2315354 1.3117716 0 P 0
L -0.2575665 1.1764175 -0.2489994 1.1678504 0 P 0
L 0.2590623 1.4638189 0.2654403 1.4574409 0 P 0
L -0.2622513 0.980315 -0.2480314 0.980315 0 P 0
L -0.2630284 1.558304 -0.2480315 1.5433071 0 P 0
L -0.2634561 1.2448425 -0.248031 1.2294174 0 P 0
L -0.264527 1.2851228 -0.264527 1.3275523 0 P 0
L -0.264527 1.3275523 -0.2542447 1.3378346 0 P 0
L -0.264527 1.6000828 -0.264527 1.621296 0 P 0
L 0.2654403 1.4574409 0.2778667 1.4574409 0 P 0
L -0.2699929 1.1764175 -0.2575665 1.1764175 0 P 0
L -0.2699995 1.0978032 -0.1961922 1.0978032 0 P 0
L -0.2733138 1.276336 -0.264527 1.2851228 0 P 0
L -0.2733138 1.591296 -0.264527 1.6000828 0 P 0
L 0.2739297 1.5912992 0.2778667 1.5952362 0 P 0
L -0.2745492 1.1874175 -0.2530102 1.1874175 1 P 0
L 0.2778667 1.4574409 0.2813863 1.4609605 0 P 0
L 0.2778667 1.5952362 0.318651 1.5952362 0 P 0
L -0.2784936 1.2598425 -0.256527 1.2818091 0 P 0
L -0.2791055 1.1984175 -0.2484539 1.1984175 0 P 0
L -0.2795276 1.2598425 -0.2784936 1.2598425 0 P 0
L -0.2795276 1.6362966 -0.264527 1.621296 0 P 0
L -0.2795276 1.6362966 -0.2795276 1.6377953 0 P 0
L -0.2805615 1.543304 -0.279527 1.543304 0 P 0
L -0.2806726 1.1968504 -0.2791055 1.1984175 0 P 0
L -0.2808694 1.165541 -0.2699929 1.1764175 0 P 0
L 0.2813863 1.4609605 0.4799844 1.4609605 0 P 0
L -0.2824192 1.2064175 -0.2451402 1.2064175 0 P 0
L -0.2824193 1.2064174 -0.2824192 1.2064175 0 P 0
L -0.2842479 1.591296 -0.2733138 1.591296 0 P 0
L -0.2851254 0.9574409 -0.2622513 0.980315 0 P 0
L -0.2854257 1.176541 -0.2745492 1.1874175 1 P 0
L 0.2856088 1.8299606 0.3052938 1.8102756 0 P 0
L -0.2857329 1.2144175 -0.2418265 1.2144175 0 P 0
L -0.285733 1.2144174 -0.2857329 1.2144175 0 P 0
L -0.2857408 1.2448425 -0.2634561 1.2448425 0 P 0
L -0.2868117 1.2144174 -0.285733 1.2144174 0 P 0
L -0.2870315 1.4563228 -0.2795276 1.4488189 0 P 0
L -0.2883077 1.2474094 -0.2857408 1.2448425 0 P 0
L -0.2898098 1.291336 -0.279527 1.291336 0 P 0
L -0.2901254 1.2064174 -0.2824193 1.2064174 0 P 0
L 0.2920866 1.6724803 0.3188976 1.6456693 0 P 0
L -0.2920897 1.558304 -0.2630284 1.558304 0 P 0
L -0.2934961 1.276336 -0.2733138 1.276336 0 P 0
L -0.294525 1.337832 -0.2795276 1.3228346 0 P 0
L -0.2945276 1.3708268 -0.2795276 1.3858268 0 P 0
L -0.2945276 1.5700859 -0.2945276 1.5810163 0 P 0
L -0.2945276 1.5810163 -0.2842479 1.591296 0 P 0
L -0.2960236 1.590834 -0.2960236 1.6141732 0 P 0
L -0.2981805 1.8390787 -0.003441 1.8390787 0 P 0
L 0.2992126 1.9810431 0.2992126 2.0676182 2 P 0
L 0.2992126 1.9810431 0.443551 1.8367047 2 P 0
L -0.3005506 1.1283543 -0.2699995 1.0978032 0 P 0
L -0.3007408 1.511811 -0.2795276 1.511811 0 P 0
L -0.3012757 0.6044253 -0.2992126 0.6023622 0 P 0
L -0.3031496 1.6212992 -0.2960236 1.6141732 0 P 0
L -0.3045906 1.1363543 -0.2952756 1.1456693 0 P 0
L -0.3048104 1.5598031 -0.2945276 1.5700859 0 P 0
L 0.3052938 1.8102756 0.5922836 1.8102756 0 P 0
L -0.3054258 1.7881496 -0.2384967 1.7212205 0 P 0
L -0.3070866 1.5433071 -0.2920897 1.558304 0 P 0
L -0.3081174 1.2244094 -0.2901254 1.2064174 0 P 0
L -0.3102436 1.7212205 -0.2165354 1.6275123 0 P 0
L -0.3105276 1.4483228 -0.2795276 1.4173228 0 P 0
L -0.3110236 1.1968504 -0.2806726 1.1968504 0 P 0
L -0.3110236 1.5748031 -0.3110236 1.575834 0 P 0
L -0.3110236 1.575834 -0.2960236 1.590834 0 P 0
L -0.3115209 1.0433071 -0.1968504 1.0433071 0 P 0
L -0.3118037 1.2394094 -0.2868117 1.2144174 0 P 0
L -0.3120544 1.6062992 -0.3110236 1.6062992 0 P 0
L -0.3144227 1.2554094 -0.2934961 1.276336 0 P 0
L -0.3146779 1.7369685 -0.2015354 1.623826 0 P 0
L -0.314771 1.165541 -0.2808694 1.165541 0 P 0
L -0.3177364 1.2634094 -0.2898098 1.291336 0 P 0
L 0.318651 1.5952362 0.3373361 1.6139213 0 P 0
L 0.3188967 0.3932821 0.3188967 0.405511 3 P 0
L 0.3188967 0.3932821 0.3858268 0.326352 3 P 0
L 0.3188976 1.6456693 0.7992126 1.6456693 0 P 0
L 0.3196457 0.9283858 1.0479922 0.9283858 0 P 0
L -0.326023 1.654288 -0.311023 1.669288 0 P 0
L -0.3260236 1.4008268 -0.3110236 1.3858268 0 P 0
L -0.3267165 2.0062441 -0.032275 2.0062441 0 P 0
L -0.326771 1.153541 -0.314771 1.165541 0 P 0
L -0.3267717 1.9015748 -0.1653543 1.9015748 0 P 0
L -0.3276808 1.484871 -0.3007408 1.511811 0 P 0
L -0.3309496 1.2714094 -0.311023 1.291336 0 P 0
L -0.3309945 1.492871 -0.2805615 1.543304 0 P 0
L -0.3329849 1.7369685 -0.3146779 1.7369685 0 P 0
L 0.333869 1.751217 0.3441805 1.7409055 0 P 0
L -0.3339225 1.0209055 -0.3115209 1.0433071 0 P 0
L -0.3340236 1.4403228 -0.3110236 1.4173228 0 P 0
L -0.3350576 1.583296 -0.3120544 1.6062992 0 P 0
L -0.3361389 1.1968504 -0.3110236 1.1968504 0 P 0
L 0.3373361 1.6139213 0.6675131 1.6139213 0 P 0
L -0.3373732 1.176541 -0.2854257 1.176541 1 P 0
L -0.3382126 1.7634094 -0.3267717 1.7519685 0 P 0
L -0.3382999 1.0598032 -0.2128812 1.0598032 0 P 0
L -0.3388378 1.5598031 -0.3048104 1.5598031 0 P 0
L -0.3411175 1.0513071 -0.2100636 1.0513071 0 P 0
L -0.3416148 1.0631181 -0.3382999 1.0598032 0 P 0
L -0.3441805 1.0543701 -0.3411175 1.0513071 0 P 0
L 0.3441805 1.7409055 0.5125911 1.7409055 0 P 0
L -0.3464567 1.8661417 -0.3385827 1.8582677 0 P 0
L -0.3472019 1.1857874 -0.3361389 1.1968504 0 P 0
L -0.3514258 1.7554094 -0.3329849 1.7369685 0 P 0
L 0.3543307 0.4015748 0.5704466 0.4015748 3 P 0
L -0.3543307 1.575296 -0.3388378 1.5598031 0 P 0
L -0.3665599 1.1473543 -0.3373732 1.176541 1 P 0
L -0.3677165 2.0472441 -0.3267165 2.0062441 0 P 0
L -0.3678018 1.654288 -0.326023 1.654288 0 P 0
L -0.3716095 1.322832 -0.311023 1.322832 0 P 0
L -0.3717396 1.9126378 -0.2981805 1.8390787 0 P 0
L -0.3740184 1.337832 -0.294525 1.337832 0 P 0
L -0.3850466 1.6212992 -0.3031496 1.6212992 0 P 0
L 0.3858268 0.326352 0.5319157 0.326352 3 P 0
L -0.3874809 1.3069606 -0.3716095 1.322832 0 P 0
L 0.3884323 1.3858268 0.4191803 1.4165748 0 P 0
L -0.3888577 1.3543307 -0.2795276 1.3543307 0 P 0
L -0.3937008 0.2992126 -0.3464567 0.3464567 0 P 0
L -0.3953608 1.626729 -0.3678018 1.654288 0 P 0
L -0.3959762 1.492871 -0.3309945 1.492871 0 P 0
L -0.3961057 1.5275591 -0.3779528 1.5275591 0 P 0
L -0.396889 1.688225 -0.389763 1.681099 0 P 0
L -0.3968898 1.3149606 -0.3740184 1.337832 0 P 0
L 0.398049 1.3693307 0.4001872 1.3671925 0 P 0
L -0.3986721 1.4955669 -0.3959762 1.492871 0 P 0
L -0.3992899 1.484871 -0.3276808 1.484871 0 P 0
L 0.4001872 1.3671925 0.4498696 1.3671925 0 P 0
L 0.4013627 1.3773307 0.4035009 1.3751925 0 P 0
L -0.4015748 1.2244094 -0.3081174 1.2244094 0 P 0
L -0.4019858 1.4875669 -0.3992899 1.484871 0 P 0
L -0.4032356 1.3399528 -0.3888577 1.3543307 0 P 0
L 0.4035009 1.3751925 0.4202244 1.3751925 0 P 0
L -0.4036416 1.641729 -0.401574 1.641729 0 P 0
L -0.4039859 1.5433071 -0.3070866 1.5433071 0 P 0
L -0.4071718 1.546493 -0.4039859 1.5433071 0 P 0
L 0.4141339 1.3378346 0.4409449 1.3110236 0 P 0
L -0.4150498 1.591296 -0.3850466 1.6212992 0 P 0
L -0.415662 1.3069606 -0.3874809 1.3069606 0 P 0
L 0.4173228 1.0354331 0.4843465 0.9684094 0 P 0
L -0.418071 1.2394094 -0.3118037 1.2394094 0 P 0
L -0.4187165 1.9982441 -0.0454882 1.9982441 0 P 0
L -0.4188834 1.6787234 -0.413385 1.673225 0 P 0
L 0.4191803 1.4165748 0.4510951 1.4165748 0 P 0
L -0.4195982 1.546493 -0.4071718 1.546493 0 P 0
L -0.4200979 1.5035669 -0.3961057 1.5275591 0 P 0
L 0.4202244 1.3751925 0.4448819 1.39985 0 P 0
L -0.4204798 1.3708268 -0.2945276 1.3708268 0 P 0
L -0.4227841 1.5433071 -0.4195982 1.546493 0 P 0
L -0.4229207 1.3732677 -0.4204798 1.3708268 0 P 0
L -0.4229449 1.1473543 -0.3665599 1.1473543 1 P 0
L -0.4236687 1.5433071 -0.4227841 1.5433071 0 P 0
L -0.4251969 1.2322835 -0.418071 1.2394094 0 P 0
L -0.4312842 1.2474094 -0.2883077 1.2474094 0 P 0
L -0.432322 1.6704094 -0.4036416 1.641729 0 P 0
L -0.4333111 1.5115669 -0.413385 1.531493 0 P 0
L 0.4343162 1.3063386 0.4376312 1.3030236 0 P 0
L -0.434473 1.2881496 -0.415662 1.3069606 0 P 0
L -0.4353471 1.3732677 -0.4229207 1.3732677 0 P 0
L 0.4376312 1.3030236 0.8379594 1.3030236 0 P 0
L -0.4384319 1.0748032 -0.2322835 1.0748032 0 P 0
L 0.4409449 1.3110236 0.8346457 1.3110236 0 P 0
L -0.4421182 1.0898032 -0.1995059 1.0898032 0 P 0
L 0.443551 1.8367047 1.5733734 1.8367047 2 P 0
L 0.4448819 1.39985 0.4448819 1.4015748 0 P 0
L -0.4466718 1.520304 -0.4236687 1.5433071 0 P 0
L -0.4470321 1.3615827 -0.4353471 1.3732677 0 P 0
L -0.4473779 1.1363543 -0.3045906 1.1363543 0 P 0
L -0.4473859 1.1717953 -0.4229449 1.1473543 1 P 0
L -0.4478243 1.3149606 -0.3968898 1.3149606 0 P 0
L -0.44796 1.0631181 -0.3416148 1.0631181 0 P 0
L -0.448818 1.228344 -0.448818 1.2298756 0 P 0
L -0.448818 1.2298756 -0.4312842 1.2474094 0 P 0
L -0.4495669 1.0543701 -0.3441805 1.0543701 0 P 0
L 0.4498696 1.3671925 0.4685039 1.3858268 0 P 0
L -0.4504788 1.626729 -0.3953608 1.626729 0 P 0
L 0.4510951 1.4165748 0.4542841 1.4133858 0 P 0
L -0.4527559 0.9409449 -0.4173228 0.9409449 0 P 0
L -0.4537946 1.3399528 -0.4032356 1.3399528 0 P 0
L -0.4542795 1.2554094 -0.3144227 1.2554094 0 P 0
L 0.4542841 1.4133858 0.7795276 1.4133858 0 P 0
L -0.4580321 1.1283543 -0.3005506 1.1283543 0 P 0
L -0.4583528 1.618855 -0.4504788 1.626729 0 P 0
L -0.4596353 1.3031496 -0.4478243 1.3149606 0 P 0
L -0.4598819 0.9338189 -0.4527559 0.9409449 0 P 0
L -0.4637868 0.9574409 -0.2851254 0.9574409 0 P 0
L -0.4638146 1.6975984 -0.456692 1.704721 0 P 0
L -0.4638187 1.4323228 -0.4566928 1.4251969 0 P 0
L -0.464566 1.5575238 -0.464566 1.559052 0 P 0
L -0.4645669 1.0393701 -0.4495669 1.0543701 0 P 0
L -0.4658476 1.591296 -0.4150498 1.591296 0 P 0
L -0.4658485 1.2881496 -0.434473 1.2881496 0 P 0
L -0.4668431 1.7212205 -0.3102436 1.7212205 0 P 0
L -0.4677165 2.0472441 -0.4187165 1.9982441 0 P 0
L -0.4691613 1.583296 -0.3350576 1.583296 0 P 0
L -0.4695339 1.606296 -0.448818 1.606296 0 P 0
L -0.470032 1.7244094 -0.4668431 1.7212205 0 P 0
L -0.4707792 1.618855 -0.4583528 1.618855 0 P 0
L -0.4716609 0.965315 -0.4637868 0.9574409 0 P 0
L -0.4718189 1.1607953 -0.4473779 1.1363543 0 P 0
L -0.472475 1.575296 -0.3543307 1.575296 0 P 0
L -0.4750344 1.6787234 -0.4188834 1.6787234 0 P 0
L -0.4753484 1.6784094 -0.4750344 1.6787234 0 P 0
L -0.4756299 1.3535827 -0.4685039 1.3464567 0 P 0
L -0.4768465 1.688225 -0.396889 1.688225 0 P 0
L -0.4786621 1.6864094 -0.4768465 1.688225 0 P 0
L -0.4787868 1.6975984 -0.4638146 1.6975984 0 P 0
L -0.4794088 1.3143386 -0.4537946 1.3399528 0 P 0
L 0.4799844 1.4609605 0.484252 1.4566929 0 P 0
L -0.481063 1.4008268 -0.3260236 1.4008268 0 P 0
L -0.4815982 1.629674 -0.4707792 1.618855 0 P 0
L -0.4819758 1.6944094 -0.4787868 1.6975984 0 P 0
L -0.4824731 1.1527953 -0.4580321 1.1283543 0 P 0
L -0.4840375 1.3063386 -0.4658485 1.2881496 0 P 0
L 0.4843465 0.9684094 0.7912441 0.9684094 0 P 0
L -0.4849119 1.621674 -0.4695339 1.606296 0 P 0
L -0.4855512 1.1332362 -0.4421182 1.0898032 0 P 0
L -0.4880618 1.2634094 -0.3177364 1.2634094 0 P 0
L -0.4882256 1.613674 -0.4658476 1.591296 0 P 0
L -0.4888649 1.1252362 -0.4384319 1.0748032 0 P 0
L -0.4915393 1.605674 -0.4691613 1.583296 0 P 0
L -0.4919933 1.4323228 -0.4638187 1.4323228 0 P 0
L -0.492126 1.3897638 -0.481063 1.4008268 0 P 0
L -0.4937858 1.528304 -0.464566 1.5575238 0 P 0
L -0.4944022 1.6944094 -0.4819758 1.6944094 0 P 0
L -0.4944022 1.7244094 -0.470032 1.7244094 0 P 0
L -0.494853 1.597674 -0.472475 1.575296 0 P 0
L -0.4950781 1.1102362 -0.44796 1.0631181 0 P 0
L -0.495307 1.4403228 -0.3340236 1.4403228 0 P 0
L -0.4975911 1.7212205 -0.4944022 1.7244094 0 P 0
L -0.4986207 1.4483228 -0.3105276 1.4483228 0 P 0
L -0.4998905 1.6998977 -0.4944022 1.6944094 0 P 0
L -0.5019344 1.4563228 -0.2870315 1.4563228 0 P 0
L -0.5022762 1.8275197 0.2000073 1.8275197 0 P 0
L -0.5037166 1.9832442 -0.078116 1.9832442 0 P 0
L -0.5042434 1.1252362 -0.4888649 1.1252362 0 P 0
L -0.5079878 1.6416142 -0.503936 1.645666 0 P 0
L -0.5082399 1.5665591 -0.499999 1.5748 0 P 0
L -0.5101863 1.4480709 -0.5019344 1.4563228 0 P 0
L -0.5110649 1.4795669 -0.503936 1.472438 0 P 0
L 0.5125911 1.7409055 0.5440872 1.7094094 0 P 0
L -0.5135235 1.1961654 -0.4542795 1.2554094 0 P 0
L -0.5152541 1.5585591 -0.499999 1.543304 0 P 0
L 0.516496 1.7748425 0.5669291 1.7244094 0 P 0
L -0.5169661 1.1125135 -0.5042434 1.1252362 0 P 0
L -0.5174016 1.1332362 -0.4855512 1.1332362 0 P 0
L -0.5191877 1.2322835 -0.4880618 1.2634094 0 P 0
L -0.5201811 1.3223386 -0.503937 1.3385827 0 P 0
L -0.5219607 1.1377953 -0.5174016 1.1332362 0 P 0
L -0.5228673 1.4014488 -0.4919933 1.4323228 0 P 0
L -0.52393 1.8491735 -0.5022762 1.8275197 0 P 0
L -0.5255588 1.410071 -0.495307 1.4403228 0 P 0
L -0.5277729 1.629674 -0.4815982 1.629674 0 P 0
L -0.5288725 1.418071 -0.4986207 1.4483228 0 P 0
L -0.5310866 1.621674 -0.4849119 1.621674 0 P 0
L -0.5317131 1.6336142 -0.5277729 1.629674 0 P 0
L 0.5319157 0.326352 0.5433071 0.3149606 3 P 0
L -0.5335202 1.3695827 -0.4857801 1.4173228 0 P 0
L -0.5344003 1.613674 -0.4882256 1.613674 0 P 0
L -0.5350268 1.6256142 -0.5310866 1.621674 0 P 0
L -0.537714 1.605674 -0.4915393 1.605674 0 P 0
L -0.5383405 1.6176142 -0.5344003 1.613674 0 P 0
L -0.5402088 1.6864094 -0.4786621 1.6864094 0 P 0
L -0.5410277 1.597674 -0.494853 1.597674 0 P 0
L -0.5416463 1.7881496 -0.3054258 1.7881496 0 P 0
L -0.5416542 1.6096142 -0.537714 1.605674 0 P 0
L -0.5422797 1.6884803 -0.5402088 1.6864094 0 P 0
L 0.5433071 0.3149606 0.6269684 0.3149606 3 P 0
L -0.5435225 1.6784094 -0.4753484 1.6784094 0 P 0
L 0.5440872 1.7094094 0.6118971 1.7094094 0 P 0
L -0.5449679 1.6016142 -0.5410277 1.597674 0 P 0
L -0.5455934 1.6804803 -0.5435225 1.6784094 0 P 0
L -0.546464 1.7212205 -0.4975911 1.7212205 0 P 0
L -0.5468362 1.6704094 -0.432322 1.6704094 0 P 0
L -0.5489071 1.6724803 -0.5468362 1.6704094 0 P 0
L -0.5501503 1.7362205 -0.511811 1.7362205 0 P 0
L -0.5548322 1.528304 -0.4937858 1.528304 0 P 0
L -0.5558661 1.1527953 -0.4824731 1.1527953 0 P 0
L -0.5581459 1.520304 -0.4466718 1.520304 0 P 0
L -0.5589235 1.1125135 -0.5169661 1.1125135 0 P 0
L -0.5613392 1.7474094 -0.5501503 1.7362205 0 P 0
L -0.5637723 1.8102756 -0.5416463 1.7881496 0 P 0
L -0.5646529 1.7394094 -0.546464 1.7212205 0 P 0
L -0.5669291 0.2992126 -0.3937008 0.2992126 0 P 0
L -0.5669291 1.1417323 -0.5558661 1.1527953 0 P 0
L -0.5677165 2.0472441 -0.5037166 1.9832442 0 P 0
L 0.5704466 0.4015748 0.6046277 0.3673937 3 P 0
L -0.5709521 1.9716929 -0.0976772 1.9716929 0 P 0
L -0.575581 1.129171 -0.5589235 1.1125135 0 P 0
L -0.5770793 1.7394094 -0.5646529 1.7394094 0 P 0
L -0.5770873 1.5505591 -0.5548322 1.528304 0 P 0
L -0.5789024 1.4014488 -0.5228673 1.4014488 0 P 0
L -0.5797645 1.2714094 -0.3309496 1.2714094 0 P 0
L -0.580393 1.7474094 -0.5613392 1.7474094 0 P 0
L -0.580401 1.5425591 -0.5581459 1.520304 0 P 0
L -0.5834252 1.3063386 -0.4840375 1.3063386 0 P 0
L -0.5837067 1.7554094 -0.3514258 1.7554094 0 P 0
L -0.5849534 0.965315 -0.4716609 0.965315 0 P 0
L -0.5885347 1.7392677 -0.580393 1.7474094 0 P 0
L -0.5888904 1.6016142 -0.5449679 1.6016142 0 P 0
L -0.5918484 1.7472677 -0.5837067 1.7554094 0 P 0
L -0.5919612 1.6724803 -0.5489071 1.6724803 0 P 0
L -0.5920793 1.7244094 -0.5770793 1.7394094 0 P 0
L -0.5922041 1.6096142 -0.5416542 1.6096142 0 P 0
L 0.5922836 1.8102756 0.6505907 1.7519685 0 P 0
L -0.5928274 1.3535827 -0.4756299 1.3535827 0 P 0
L -0.5928274 1.4795669 -0.5110649 1.4795669 0 P 0
L -0.5952749 1.6804803 -0.5455934 1.6804803 0 P 0
L -0.5955178 1.6176142 -0.5383405 1.6176142 0 P 0
L -0.595963 1.410071 -0.5255588 1.410071 0 P 0
L -0.5961411 1.3615827 -0.4470321 1.3615827 0 P 0
L -0.5961411 1.4875669 -0.4019858 1.4875669 0 P 0
L -0.5972624 1.7634094 -0.3382126 1.7634094 0 P 0
L -0.5980793 0.9784409 -0.5849534 0.965315 0 P 0
L -0.5984252 1.2913386 -0.5834252 1.3063386 0 P 0
L -0.5988315 1.6256142 -0.5350268 1.6256142 0 P 0
L -0.5992767 1.418071 -0.5288725 1.418071 0 P 0
L -0.5992768 1.4180709 -0.5992767 1.418071 0 P 0
L -0.5994548 1.3695827 -0.5335202 1.3695827 0 P 0
L -0.6000848 1.760587 -0.5972624 1.7634094 0 P 0
L -0.6007002 1.129171 -0.575581 1.129171 0 P 0
L -0.6021452 1.6336142 -0.5317131 1.6336142 0 P 0
L -0.6027717 1.621674 -0.5988315 1.6256142 0 P 0
L -0.6031102 1.4480709 -0.5101863 1.4480709 0 P 0
L -0.6034272 1.2477467 -0.5797645 1.2714094 0 P 0
L -0.6037755 1.660666 -0.5919612 1.6724803 0 P 0
L -0.6041411 1.3535827 -0.5961411 1.3615827 0 P 0
L 0.6046277 0.3673937 0.8294543 0.3673937 3 P 0
L -0.6060854 1.629674 -0.6021452 1.6336142 0 P 0
L -0.6070859 1.6686693 -0.5952749 1.6804803 0 P 0
L -0.6072019 1.1226693 -0.6007002 1.129171 0 P 0
L -0.6074548 1.3615827 -0.5994548 1.3695827 0 P 0
L -0.6078171 1.6053149 -0.5955178 1.6176142 0 P 0
L -0.6078274 1.3385827 -0.5928274 1.3535827 0 P 0
L -0.6083646 1.7776536 -0.606298 1.775587 0 P 0
L -0.6097014 1.5808032 -0.5888904 1.6016142 0 P 0
L -0.6107685 1.3695827 -0.5789024 1.4014488 0 P 0
L -0.6108582 1.3143386 -0.4794088 1.3143386 0 P 0
L -0.6113616 1.4723464 -0.5961411 1.4875669 0 P 0
L 0.6118971 1.7094094 0.6276451 1.6936614 0 P 0
L -0.6125112 1.760587 -0.6000848 1.760587 0 P 0
L -0.6130151 1.5888032 -0.5922041 1.6096142 0 P 0
L -0.6141732 0.2519685 -0.5669291 0.2992126 0 P 0
L -0.6153336 1.7634094 -0.6125112 1.760587 0 P 0
L -0.6163234 1.1607953 -0.4718189 1.1607953 0 P 0
L -0.6181102 1.3070866 -0.6108582 1.3143386 0 P 0
L -0.6181102 1.3385827 -0.6078274 1.3385827 0 P 0
L -0.6181102 1.4330709 -0.6031102 1.4480709 0 P 0
L -0.6228274 1.4495669 -0.5928274 1.4795669 0 P 0
L -0.6240714 1.3223386 -0.5201811 1.3223386 0 P 0
L -0.6243234 1.3535827 -0.6041411 1.3535827 0 P 0
L -0.6243234 1.5425591 -0.580401 1.5425591 0 P 0
L 0.6269684 0.3149606 0.7214566 0.2204724 3 P 0
L -0.6276371 1.3615827 -0.6074548 1.3615827 0 P 0
L -0.6276371 1.5505591 -0.5770873 1.5505591 0 P 0
L 0.6276451 1.6936614 0.6400715 1.6936614 0 P 0
L -0.6284513 1.3775827 -0.595963 1.410071 0 P 0
L -0.6309508 1.3695827 -0.6107685 1.3695827 0 P 0
L -0.6309508 1.5585591 -0.5152541 1.5585591 0 P 0
L -0.6317959 1.5350866 -0.6243234 1.5425591 0 P 0
L -0.6320714 1.3143386 -0.6240714 1.3223386 0 P 0
L -0.6342645 1.3775827 -0.6284513 1.3775827 0 P 0
L -0.634798 1.1857874 -0.3472019 1.1857874 0 P 0
L -0.6351096 1.5430866 -0.6276371 1.5505591 0 P 0
L -0.6362725 1.3755747 -0.6342645 1.3775827 0 P 0
L -0.637176 1.1881654 -0.634798 1.1857874 0 P 0
L -0.6384233 1.5510866 -0.6309508 1.5585591 0 P 0
L 0.6400715 1.6936614 0.6464334 1.7000233 0 P 0
L -0.6409522 0.9338189 -0.4598819 0.9338189 0 P 0
L -0.6413315 1.1717953 -0.4473859 1.1717953 1 P 0
L -0.6417633 1.4180709 -0.5992768 1.4180709 0 P 0
L -0.6422685 1.358265 -0.6309508 1.3695827 0 P 0
L -0.6459548 1.343265 -0.6276371 1.3615827 0 P 0
L 0.6464334 1.7000233 0.7480315 1.7000233 0 P 0
L -0.6464494 1.1306693 -0.6163234 1.1607953 0 P 0
L -0.6465033 2.0472441 -0.5709521 1.9716929 0 P 0
L -0.6504172 1.1881654 -0.637176 1.1881654 0 P 0
L 0.6505907 1.7519685 0.659941 1.7519685 0 P 0
L -0.6511344 1.3267717 -0.6243234 1.3535827 0 P 0
L -0.6512671 1.4275747 -0.6417633 1.4180709 0 P 0
L -0.6567324 1.4495669 -0.6228274 1.4495669 0 P 0
L -0.6569922 1.6884803 -0.5422797 1.6884803 0 P 0
L -0.6574803 1.2913386 -0.5984252 1.2913386 0 P 0
L -0.6636935 1.4275747 -0.6512671 1.4275747 0 P 0
L -0.6637323 1.5350866 -0.6317959 1.5350866 0 P 0
L -0.6638819 1.4955669 -0.3986721 1.4955669 0 P 0
L -0.6643701 1.6811024 -0.6569922 1.6884803 0 P 0
L -0.665353 1.358265 -0.6422685 1.358265 0 P 0
L -0.6653543 1.1732283 -0.6504172 1.1881654 0 P 0
L -0.6674575 1.1456693 -0.6413315 1.1717953 1 P 0
L 0.6675131 1.6139213 0.6709508 1.617359 0 P 0
L -0.6677165 2.0472441 -0.6465033 2.0472441 0 P 0
L -0.668189 1.6416142 -0.5079878 1.6416142 0 P 0
L 0.6709508 1.617359 0.9850032 1.617359 0 P 0
L -0.6709522 0.9638189 -0.6409522 0.9338189 0 P 0
L -0.6716299 1.5665591 -0.5082399 1.5665591 0 P 0
L -0.67163 1.7634094 -0.6153336 1.7634094 0 P 0
L -0.6722441 1.4872047 -0.6638819 1.4955669 0 P 0
L -0.6722441 1.4872047 -0.6700394 1.485 0 P 0
L -0.6722441 1.5265748 -0.6637323 1.5350866 0 P 0
L -0.6722441 1.5659449 -0.6716299 1.5665591 0 P 0
L -0.6722441 1.6053149 -0.6078171 1.6053149 0 P 0
L -0.6722441 1.6456693 -0.668189 1.6416142 0 P 0
L -0.6722441 1.6850394 -0.6683071 1.6811024 0 P 0
L -0.6722441 1.7244094 -0.5920793 1.7244094 0 P 0
L -0.6722441 1.7627953 -0.67163 1.7634094 0 P 0
L -0.6758832 0.8975118 -0.1179841 0.8975118 0 P 0
L -0.6770708 1.6802127 -0.6722441 1.6850394 0 P 0
L -0.6770709 1.521748 -0.6722441 1.5265748 0 P 0
L -0.6782569 1.7094094 -0.488189 1.7094094 0 P 0
L -0.6782602 1.660666 -0.6037755 1.660666 0 P 0
L -0.6783538 1.0209055 -0.3339225 1.0209055 0 P 0
L -0.6783986 1.4723464 -0.6113616 1.4723464 0 P 0
L -0.6783986 1.5510866 -0.6384233 1.5510866 0 P 0
L -0.6783986 1.5808032 -0.6097014 1.5808032 0 P 0
L -0.67849 1.551178 -0.6783986 1.5510866 0 P 0
L -0.6788262 1.0204331 -0.6783538 1.0209055 0 P 0
L -0.6790108 1.5430866 -0.6351096 1.5430866 0 P 0
L -0.6791604 1.5035669 -0.4200979 1.5035669 0 P 0
L -0.6791636 1.621674 -0.6027717 1.621674 0 P 0
L -0.6791969 0.9055118 -0.1146703 0.9055118 0 P 0
L -0.6796801 1.7392677 -0.5885347 1.7392677 0 P 0
L -0.6806643 1.6998977 -0.4998905 1.6998977 0 P 0
L -0.6814459 1.7125984 -0.6782569 1.7094094 0 P 0
L -0.6825674 1.4087008 -0.6636935 1.4275747 0 P 0
L -0.6835089 1.4774567 -0.6783986 1.4723464 0 P 0
L -0.6880703 1.8195197 0.0279213 1.8195197 0 P 0
L -0.6880867 1.4182126 -0.6567324 1.4495669 0 P 0
L -0.6887559 1.7472677 -0.5918484 1.7472677 0 P 0
L -0.6889764 1.7125984 -0.6814459 1.7125984 0 P 0
L 0.6897244 0.6542913 0.7007874 0.6653543 0 P 0
L -0.6897401 1.5888032 -0.6130151 1.5888032 0 P 0
L -0.6919322 1.551178 -0.67849 1.551178 0 P 0
L -0.6921732 1.5115669 -0.4333111 1.5115669 0 P 0
L -0.6921764 1.629674 -0.6060854 1.629674 0 P 0
L -0.6923493 1.6882127 -0.6806643 1.6998977 0 P 0
L -0.6923494 1.529748 -0.6790108 1.5430866 0 P 0
L -0.6932569 1.5659449 -0.6783986 1.5808032 0 P 0
L -0.693257 1.6456692 -0.6782602 1.660666 0 P 0
L -0.6935355 1.6686693 -0.6070859 1.6686693 0 P 0
L -0.694133 1.8102756 -0.5637723 1.8102756 0 P 0
L -0.6945384 1.7244094 -0.6796801 1.7392677 0 P 0
L -0.6955226 1.4872047 -0.6791604 1.5035669 0 P 0
L -0.6955227 1.6053149 -0.6791636 1.621674 0 P 0
L -0.6968504 1.5068897 -0.6921732 1.5115669 0 P 0
L -0.6968504 1.5462598 -0.6919322 1.551178 0 P 0
L -0.6968504 1.5856299 -0.6936771 1.5888032 0 P 0
L -0.6968504 1.625 -0.6921764 1.629674 0 P 0
L -0.6968504 1.6653544 -0.6935355 1.6686693 0 P 0
L -0.6968504 1.7047244 -0.6889764 1.7125984 0 P 0
L -0.6968504 1.7431102 -0.6926929 1.7472677 0 P 0
L -0.6998031 1.5433071 -0.6968504 1.5462598 0 P 0
L -0.7004439 1.7627953 -0.6722441 1.7627953 0 P 0
L -0.7007874 1.7007874 -0.6968504 1.7047244 0 P 0
L -0.7024482 1.8338976 -0.6880703 1.8195197 0 P 0
L -0.7030049 1.521748 -0.6770709 1.521748 0 P 0
L -0.7042862 1.6802127 -0.6770708 1.6802127 0 P 0
L 0.706551 1.4309605 0.7086614 1.4330709 0 P 0
L -0.7065984 1.7776536 -0.6083646 1.7776536 0 P 0
L -0.7092834 1.3143386 -0.6320714 1.3143386 0 P 0
L -0.7101919 1.4774567 -0.6835089 1.4774567 0 P 0
L -0.7125984 1.3110236 -0.7092834 1.3143386 0 P 0
L -0.7130364 1.5117165 -0.7030049 1.521748 0 P 0
L -0.7143179 1.670181 -0.7042862 1.6802127 0 P 0
L -0.7153022 1.4723464 -0.7101919 1.4774567 0 P 0
L -0.7153022 1.747937 -0.7004439 1.7627953 0 P 0
L -0.717299 1.6882127 -0.6923493 1.6882127 0 P 0
L -0.7182835 1.529748 -0.6923494 1.529748 0 P 0
L -0.7204724 1.6456692 -0.693257 1.6456692 0 P 0
L -0.7204724 1.6850393 -0.717299 1.6882127 0 P 0
L -0.7210956 0.8522994 -0.6758832 0.8975118 0 P 0
L -0.7212178 1.343265 -0.6459548 1.343265 0 P 0
L -0.7214567 1.4872047 -0.6955226 1.4872047 0 P 0
L -0.7214567 1.5265748 -0.7182835 1.529748 0 P 0
L -0.7214567 1.5659449 -0.6932569 1.5659449 0 P 0
L -0.7214567 1.6053149 -0.6955227 1.6053149 0 P 0
L -0.7214567 1.7244094 -0.6945384 1.7244094 0 P 0
L -0.7214567 1.7627953 -0.7065984 1.7776536 0 P 0
L -0.7227845 1.5856299 -0.6968504 1.5856299 0 P 0
L -0.7236614 1.977126 -0.7047244 1.996063 0 P 0
L -0.7244093 0.8602994 -0.6791969 0.9055118 0 P 0
L -0.7253006 1.4182126 -0.6880867 1.4182126 0 P 0
L -0.7253219 1.7790867 -0.694133 1.8102756 0 P 0
L -0.7275983 1.6385433 -0.7204724 1.6456692 0 P 0
L -0.7290945 1.4087008 -0.6825674 1.4087008 0 P 0
L -0.7322835 1.3267717 -0.6511344 1.3267717 0 P 0
L -0.7322835 1.3543307 -0.7212178 1.343265 0 P 0
L -0.7322835 1.5117165 -0.7130364 1.5117165 0 P 0
L -0.7329684 1.1961654 -0.5135235 1.1961654 0 P 0
L -0.7345597 0.6542913 0.6897244 0.6542913 0 P 0
L -0.736219 1.429131 -0.7253006 1.4182126 0 P 0
L -0.7362205 1.4015748 -0.7290945 1.4087008 0 P 0
L -0.7369685 0.9638189 -0.6709522 0.9638189 0 P 0
L -0.7369843 1.739937 -0.7214567 1.7244094 0 P 0
L -0.7386294 1.5433071 -0.6998031 1.5433071 0 P 0
L -0.7410315 0.8522994 -0.7210956 0.8522994 0 P 0
L -0.7410315 0.8602994 -0.7244093 0.8602994 0 P 0
L -0.7462032 1.5119512 -0.7214567 1.4872047 0 P 0
L -0.7480315 0.8452994 -0.7410315 0.8522994 0 P 0
L -0.7480315 0.8672994 -0.7410315 0.8602994 0 P 0
L 0.7480315 1.7000233 0.7480315 1.7007874 0 P 0
L -0.7495904 1.3755747 -0.6362725 1.3755747 0 P 0
L -0.7507058 1.6135512 -0.7227845 1.5856299 0 P 0
L -0.761063 1.6055512 -0.7214567 1.5659449 0 P 0
L -0.7670631 1.5464961 -0.7322835 1.5117165 0 P 0
L -0.7677165 1.1614173 -0.7329684 1.1961654 0 P 0
L -0.7677165 1.1614173 -0.7677165 1.1653543 0 P 0
L -0.7693774 1.5740551 -0.7386294 1.5433071 0 P 0
L -0.7758753 1.2477467 -0.6034272 1.2477467 0 P 0
L -0.7832999 1.5464961 -0.7670631 1.5464961 0 P 0
L -0.7872369 1.5425591 -0.7832999 1.5464961 0 P 0
L 0.7912441 0.9684094 0.7952756 0.9724409 0 P 0
L -0.7934017 0.9073857 -0.7369685 0.9638189 0 P 0
L -0.7956679 1.670181 -0.7143179 1.670181 0 P 0
L 0.7992126 1.6456693 0.8425197 1.6889764 0 P 0
L -0.8045832 1.4723464 -0.7153022 1.4723464 0 P 0
L -0.8070866 1.4330709 -0.7495904 1.3755747 0 P 0
L -0.8075274 1.7790867 -0.7253219 1.7790867 0 P 0
L -0.8149606 1.7716535 -0.8075274 1.7790867 0 P 0
L -0.8182743 1.6927874 -0.7956679 1.670181 0 P 0
L -0.8219453 1.5119512 -0.7462032 1.5119512 0 P 0
L -0.8220866 1.4898498 -0.8045832 1.4723464 0 P 0
L -0.8220866 1.4898498 -0.8220866 1.5007788 0 P 0
L 0.8266457 1.6376693 0.8590158 1.6700394 0 P 0
L -0.8280169 1.5425591 -0.7872369 1.5425591 0 P 0
L -0.8281429 1.5424331 -0.8280169 1.5425591 0 P 0
L 0.8294543 0.3673937 0.846455 0.350393 3 P 0
L -0.8323678 1.51106 -0.8220866 1.5007788 0 P 0
L 0.8346457 1.3110236 0.9448819 1.4212598 0 P 0
L -0.8348443 1.5248502 -0.8219453 1.5119512 0 P 0
L 0.8379594 1.3030236 0.9444784 1.4095426 0 P 0
L 0.8425165 1.625981 0.8772048 1.6606693 0 P 0
L 0.842518 0.736219 0.8486582 0.7300788 0 P 0
L 0.8425197 1.6889764 1.2480315 1.6889764 0 P 0
L -0.8440479 0.7637795 -0.7345597 0.6542913 0 P 0
L 0.8486582 0.7300788 1.0966928 0.7300788 0 P 0
L 0.8564495 1.0676772 1.074899 1.2861267 0 P 0
L 0.8590158 1.6700394 1.2763386 1.6700394 0 P 0
L -0.8590186 1.51106 -0.8323678 1.51106 0 P 0
L -0.8602284 1.5098502 -0.8590186 1.51106 0 P 0
L -0.8622047 1.1456693 -0.6674575 1.1456693 1 P 0
L 0.8628267 1.2368425 0.8700787 1.2440945 0 P 0
L 0.862955 1.2763387 0.9645683 1.377952 0 P 0
L 0.8772048 1.6606693 1.2716215 1.6606693 0 P 0
L -0.87786 1.747937 -0.7153022 1.747937 0 P 0
L 0.8779528 0.7519685 0.8860631 0.7600788 0 P 0
L 0.8802289 1.1188583 1.0117178 1.2503472 0 P 0
L 0.8825138 1.0596772 1.1220485 1.2992119 0 P 0
L -0.8850467 1.8338976 -0.7024482 1.8338976 0 P 0
L 0.8860631 0.7600788 0.923536 0.7600788 0 P 0
L -0.8897638 1.9126378 -0.3717396 1.9126378 0 P 0
L -0.901292 1.6055512 -0.761063 1.6055512 0 P 0
L -0.9023228 1.6385433 -0.7275983 1.6385433 0 P 0
L -0.9042837 1.5248502 -0.8348443 1.5248502 0 P 0
L -0.9046057 1.6135512 -0.7507058 1.6135512 0 P 0
L 0.9055118 1.6456693 1.5669291 1.6456693 0 P 0
L -0.9055118 1.7007874 -0.7007874 1.7007874 0 P 0
L -0.9071726 1.8117717 -0.8850467 1.8338976 0 P 0
L -0.9092284 1.739937 -0.7369843 1.739937 0 P 0
L -0.912197 1.8491735 -0.52393 1.8491735 0 P 0
L -0.918067 1.940941 -0.8897638 1.9126378 0 P 0
L -0.9181968 1.5424331 -0.8281429 1.5424331 0 P 0
L 0.9191896 1.0516772 1.1536391 1.2861267 0 P 0
L -0.919599 1.8117717 -0.9071726 1.8117717 0 P 0
L 0.923536 0.7600788 0.9348353 0.7487795 0 P 0
L -0.924166 1.5826772 -0.901292 1.6055512 0 P 0
L -0.9268577 1.5912992 -0.9046057 1.6135512 0 P 0
L 0.9290099 1.2636535 0.9645683 1.2992119 0 P 0
L 0.9297017 1.2120306 0.9409449 1.2007874 0 P 0
L -0.9322907 1.977126 -0.7236614 1.977126 0 P 0
L 0.9348353 0.7487795 0.9786541 0.7487795 0 P 0
L -0.9377843 1.829957 -0.919599 1.8117717 0 P 0
L -0.940943 1.81102 -0.87786 1.747937 0 P 0
L -0.9409449 1.6771654 -0.9023228 1.6385433 0 P 0
L -0.9409449 1.7362205 -0.9055118 1.7007874 0 P 0
L -0.9409449 1.7716535 -0.9092284 1.739937 0 P 0
L 0.9444784 1.4095426 1.2203787 1.4095426 0 P 0
L 0.9448819 1.4212598 1.3149606 1.4212598 0 P 0
L -0.9462841 1.6927874 -0.8182743 1.6927874 0 P 0
L -0.9465427 1.991378 -0.9322907 1.977126 0 P 0
L -0.9488189 1.480315 -0.9042837 1.5248502 0 P 0
L -0.9488189 1.511811 -0.9181968 1.5424331 0 P 0
L -0.9510951 1.5912992 -0.9268577 1.5912992 0 P 0
L -0.9550321 1.5740551 -0.7693774 1.5740551 0 P 0
L -0.9582211 1.5984252 -0.9510951 1.5912992 0 P 0
L -0.9724409 0.2519685 -0.6141732 0.2519685 0 P 0
L -0.9724409 1.5826772 -0.924166 1.5826772 0 P 0
L -0.976376 1.7228793 -0.9462841 1.6927874 0 P 0
L -0.976376 1.7228793 -0.976376 1.724406 0 P 0
L -0.9782519 0.6044253 -0.3012757 0.6044253 0 P 0
L 0.9786541 0.7487795 0.9833148 0.7534402 0 P 0
L -0.980313 1.539367 -0.980313 1.5487742 0 P 0
L -0.980313 1.5487742 -0.9550321 1.5740551 0 P 0
L -0.980315 0.7637795 -0.8440479 0.7637795 0 P 0
L -0.980315 1.5748031 -0.9724409 1.5826772 0 P 0
L -0.980315 1.5984252 -0.9582211 1.5984252 0 P 0
L 0.9833148 0.7534402 1.2542944 0.7534402 0 P 0
L 0.9850032 1.617359 0.996063 1.6062992 0 P 0
L -1 0.5826772 -0.9782519 0.6044253 0 P 0
L 1.0117178 1.2503472 1.0117178 1.3463614 0 P 0
L 1.0117178 1.3463614 1.0433084 1.377952 0 P 0
L -1.015748 0.2952756 -0.9724409 0.2519685 0 P 0
L 1.0479922 0.9283858 1.0511811 0.9251969 0 P 0
L -1.0561024 0.6220472 0.0866142 0.6220472 0 P 0
L 1.074899 1.2861267 1.074899 1.3308025 0 P 0
L 1.074899 1.3308025 1.1220485 1.377952 0 P 0
L -1.0944882 0.5836614 -1.0561024 0.6220472 0 P 0
L 1.0966928 0.7300788 1.1535433 0.6732283 0 P 0
L 1.1535433 0.6732283 1.2007874 0.6732283 0 P 0
L 1.1536391 1.2861267 1.1536391 1.3308025 0 P 0
L 1.1536391 1.3308025 1.2007886 1.377952 0 P 0
L -1.1850394 0.496063 -0.4724409 0.496063 0 P 0
L 1.2007874 0.6732283 1.2325755 0.6414402 0 P 0
L 1.2007886 1.2992119 1.2362205 1.3346438 0 P 0
L -1.2015355 1.1306693 -0.6464494 1.1306693 0 P 0
L -1.2094094 1.991378 -0.9465427 1.991378 0 P 0
L 1.2203787 1.4095426 1.2362205 1.3937008 0 P 0
L -1.2322835 1.9685039 -1.2094094 1.991378 0 P 0
L 1.2325755 0.6414402 1.3036056 0.6414402 0 P 0
L 1.2362205 1.3346438 1.2362205 1.3937008 0 P 0
L -1.2422205 0.5333701 0.0708661 0.5333701 0 P 0
L -1.2480315 0.4330709 -1.1850394 0.496063 0 P 0
L -1.2480315 0.5275591 -1.2422205 0.5333701 0 P 0
L 1.2542944 0.7534402 1.2662944 0.7414402 0 P 0
L -1.2632446 0.9073857 -0.7934017 0.9073857 0 P 0
L 1.2662944 0.7414402 1.4776606 0.7414402 0 P 0
L 1.2716215 1.6606693 1.2736884 1.6586024 0 P 0
L 1.2736884 1.6586024 1.5129331 1.6586024 0 P 0
L 1.2763386 1.6700394 1.3110236 1.7047244 0 P 0
L -1.2853386 0.9784409 -0.5980793 0.9784409 0 P 0
L -1.2992126 0.9645669 -1.2853386 0.9784409 0 P 0
L 1.3036056 0.6414402 1.3038977 0.6417323 0 P 0
L 1.3038977 0.6417323 1.6198824 0.6417323 0 P 0
L -1.3064646 1.1226693 -0.6072019 1.1226693 0 P 0
L 1.3110236 1.7047244 1.3779528 1.7037401 0 P 0
L 1.3149606 1.4212598 1.3228346 1.4133858 0 P 0
L 1.3149607 0.4133858 1.343863 0.3844835 2 P 0
L 1.3228346 1.3346462 1.3228346 1.4133858 0 P 0
L 1.3228346 1.3346462 1.3582689 1.2992119 0 P 0
L -1.3299606 1.9244488 -1.3228346 1.9173228 0 P 0
L -1.3323937 0.0449921 0.1906614 0.0449921 1 P 0
L -1.3353937 0.9795348 -1.2632446 0.9073857 0 P 0
L -1.3353937 0.9795348 -1.3353937 0.9904652 0 P 0
L 1.343863 0.3844835 1.6666003 0.3844835 2 P 0
L -1.3511416 1.0204331 -0.6788262 1.0204331 0 P 0
L -1.3668896 1.0361811 -1.3511416 1.0204331 0 P 0
L -1.3724855 1.027557 -1.3353937 0.9904652 0 P 0
L -1.3779528 1.0511811 -1.3064646 1.1226693 0 P 0
L -1.384166 1.0361811 -1.3668896 1.0361811 0 P 0
L -1.3905419 1.042557 -1.384166 1.0361811 0 P 0
L -1.3937008 1.3228346 -1.2015355 1.1306693 0 P 0
L -1.401572 1.027557 -1.3724855 1.027557 0 P 0
L -1.4062634 1.829957 -0.9377843 1.829957 0 P 0
L 1.4776606 0.7414402 1.6625996 0.9263792 0 P 0
L 1.5129331 1.6586024 1.6141732 1.7598425 0 P 0
L -1.5314961 0.2440945 -1.3323937 0.0449921 1 P 0
L 1.5669291 1.6456693 1.6003937 1.6122047 0 P 0
L 1.5733734 1.8367047 1.8129016 1.5971765 2 P 0
L 1.6003937 1.6122047 1.6062992 1.6122047 0 P 0
L 1.6198824 0.6417323 1.6625996 0.5990151 0 P 0
L -1.6259843 0.2952756 -1.015748 0.2952756 0 P 0
L -1.6377953 1.3228346 -1.3937008 1.3228346 0 P 0
L -1.6614173 1.9685039 -1.2322835 1.9685039 0 P 0
L 1.6625996 0.9263792 1.6625996 0.9970465 0 P 0
L 1.6666003 0.3844835 1.8129016 0.5307848 2 P 0
L -1.6692913 0.3582677 -1.511811 0.3582677 1 P 0
L -1.6739802 1.955941 -1.6614173 1.9685039 0 P 0
L -1.7006526 0.2440945 -1.5314961 0.2440945 1 P 0
L -1.7244094 1.8661417 -0.3464567 1.8661417 0 P 0
L -1.7330336 1.042557 -1.3905419 1.042557 0 P 0
L -1.7362205 1.0393701 -1.7330336 1.042557 0 P 0
L -1.7575906 0.446567 -1.6692913 0.3582677 1 P 0
L -1.7575906 0.446567 -1.7575906 1.1631024 1 P 0
L -1.7598425 1.1653543 -1.7575906 1.1631024 1 P 0
L -1.7598426 0.4291339 -1.6259843 0.2952756 0 P 0
L -1.765748 0.4291339 -1.7598426 0.4291339 0 P 0
L -1.7677165 1.9094488 -1.7244094 1.8661417 0 P 0
L -1.7716535 1.4645669 -1.4062634 1.829957 0 P 0
L -1.7952756 0.3387175 -1.7006526 0.2440945 1 P 0
L -1.7952756 0.3387175 -1.7952756 0.5275591 1 P 0
L 1.8129016 0.5307848 1.8129016 1.5971765 2 P 0
L -1.8196457 1.9244488 -1.3299606 1.9244488 0 P 0
L -1.822831 1.940941 -0.918067 1.940941 0 P 0
L -1.8290442 1.955941 -1.6739802 1.955941 0 P 0
L -1.8425197 1.9015748 -1.8196457 1.9244488 0 P 0
L -1.8622047 1.9173228 -1.8622047 1.9227805 0 P 0
L -1.8622047 1.9227805 -1.8290442 1.955941 0 P 0
L -1.8700787 0.6692913 -1.8700787 1.9094488 0 P 0
L -1.8700787 1.9094488 -1.8622047 1.9173228 0 P 0
P 0.2992126 2.0676182 6 P 0 0 ;0=2,1=0
P -0.3677165 2.0472441 7 P 0 0 ;0=3,1=0
P -0.4677165 2.0472441 7 P 0 0 ;0=3,1=0
P -0.5677165 2.0472441 7 P 0 0 ;0=3,1=0
P -0.6677165 2.0472441 7 P 0 0 ;0=3,1=0
P -0.6722441 1.4872047 8 P 0 0 ;0=4,1=0
P -0.6722441 1.5265748 8 P 0 0 ;0=4,1=0
P -0.6722441 1.5659449 8 P 0 0 ;0=4,1=0
P -0.6722441 1.6053149 8 P 0 0 ;0=4,1=0
P -0.6722441 1.6456693 8 P 0 0 ;0=4,1=0
P -0.6722441 1.6850394 8 P 0 0 ;0=4,1=0
P -0.6722441 1.7244094 8 P 0 0 ;0=4,1=0
P -0.6722441 1.7627953 8 P 0 0 ;0=4,1=0
P -0.6968504 1.5068897 8 P 0 0 ;0=4,1=0
P -0.6968504 1.5462598 8 P 0 0 ;0=4,1=0
P -0.6968504 1.5856299 8 P 0 0 ;0=4,1=0
P -0.6968504 1.625 8 P 0 0 ;0=4,1=0
P -0.6968504 1.6653544 8 P 0 0 ;0=4,1=0
P -0.6968504 1.7047244 8 P 0 0 ;0=4,1=0
P -0.6968504 1.7431102 8 P 0 0 ;0=4,1=0
P -0.7204724 1.6456692 8 P 0 0 ;0=4,1=0
P -0.7204724 1.6850393 8 P 0 0 ;0=4,1=0
P -0.7214567 1.4872047 8 P 0 0 ;0=4,1=0
P -0.7214567 1.5265748 8 P 0 0 ;0=4,1=0
P -0.7214567 1.5659449 8 P 0 0 ;0=4,1=0
P -0.7214567 1.6053149 8 P 0 0 ;0=4,1=0
P -0.7214567 1.7244094 8 P 0 0 ;0=4,1=0
P -0.7214567 1.7627953 8 P 0 0 ;0=4,1=0
P 0.9645683 1.2992119 4 P 0 0 ;0=0,1=0
P 0.9645683 1.377952 4 P 0 0 ;0=0,1=0
P 1.0433084 1.377952 4 P 0 0 ;0=0,1=0
P 1.1220485 1.2992119 4 P 0 0 ;0=0,1=0
P 1.1220485 1.377952 4 P 0 0 ;0=0,1=0
P 1.2007886 1.2992119 4 P 0 0 ;0=0,1=0
P 1.2007886 1.377952 4 P 0 0 ;0=0,1=0
P 1.3582689 1.2992119 4 P 0 0 ;0=0,1=0
P 1.6625996 0.5990151 5 P 0 0 ;0=1,1=0
P 1.6625996 0.9970465 5 P 0 0 ;0=1,1=0
P 0.0216536 1.9291339 9 P 0 0 ;0=5,1=1
P -0.0275591 1.980315 9 P 0 0 ;0=5,1=1
P 0.0393701 1.8818898 9 P 0 0 ;0=5,1=1
P -0.0511811 0.9448819 9 P 0 0 ;0=5,1=1
P 0.0511811 1.7637795 9 P 0 0 ;0=5,1=1
P 0.0658503 1.57274 9 P 0 0 ;0=5,1=1
P 0.0669291 1.1614173 9 P 0 0 ;0=5,1=1
P -0.0708661 0.3031496 9 P 0 0 ;0=5,1=1
P 0.0708661 0.5333701 9 P 0 0 ;0=5,1=1
P -0.078116 1.9832442 9 P 0 0 ;0=5,1=1
P 0.0866142 0.6220472 9 P 0 0 ;0=5,1=1
P -0.0905512 1.9645669 9 P 0 0 ;0=5,1=1
P 0.098425 1.385824 9 P 0 0 ;0=5,1=1
P 0.0984252 1.4488189 9 P 0 0 ;0=5,1=1
P -0.0984252 1.7795276 9 P 0 0 ;0=5,1=1
P 0.1023622 1.7440945 9 P 0 0 ;0=5,1=1
P 0.1259843 1.0354331 9 P 0 0 ;0=5,1=1
P 0.1259843 1.1338583 9 P 0 0 ;0=5,1=1
P 0.1269076 1.5811848 9 P 0 0 ;0=5,1=1
P 0.1299213 1.3543307 9 P 0 0 ;0=5,1=1
P 0.1299213 1.3858268 9 P 0 0 ;0=5,1=1
P 0.1299213 1.4488189 9 P 0 0 ;0=5,1=1
P 0.1299213 1.6062992 9 P 0 0 ;0=5,1=1
P 0.1299213 1.6692913 9 P 0 0 ;0=5,1=1
P -0.1331566 1.8862127 9 P 0 0 ;0=5,1=1
P -0.1614173 1.9055118 9 P 0 0 ;0=5,1=1
P 0.1653543 0.1574803 9 P 0 0 ;0=5,1=1
P 0.1811024 1.8740157 9 P 0 0 ;0=5,1=1
P -0.1821383 1.8838066 9 P 0 0 ;0=5,1=1
P -0.1850394 1.2598425 9 P 0 0 ;0=5,1=1
P 0.192913 1.625981 9 P 0 0 ;0=5,1=1
P -0.1968504 1.0433071 9 P 0 0 ;0=5,1=1
P -0.1998031 1.8700787 9 P 0 0 ;0=5,1=1
P -0.208661 0.976376 9 P 0 0 ;0=5,1=1
P -0.2086614 1.019685 9 P 0 0 ;0=5,1=1
P 0.2095355 0.8503938 9 P 0 0 ;0=5,1=1
P -0.2132346 1.6693582 9 P 0 0 ;0=5,1=1
P -0.2165354 1.2598425 9 P 0 0 ;0=5,1=1
P -0.2165354 1.6062992 9 P 0 0 ;0=5,1=1
P -0.220472 1.114171 9 P 0 0 ;0=5,1=1
P 0.2204724 1.6692913 9 P 0 0 ;0=5,1=1
P 0.232283 0.850392 9 P 0 0 ;0=5,1=1
P -0.2322835 1.0748032 9 P 0 0 ;0=5,1=1
P -0.248031 1.2294174 9 P 0 0 ;0=5,1=1
P -0.2480315 1.5433071 9 P 0 0 ;0=5,1=1
P -0.2480317 1.480315 9 P 0 0 ;0=5,1=1
P 0.2519685 0.1062992 9 P 0 0 ;0=5,1=1
P 0.2559055 1.5748031 9 P 0 0 ;0=5,1=1
P 0.2677165 1.1338583 9 P 0 0 ;0=5,1=1
P 0.2716535 1.8976378 9 P 0 0 ;0=5,1=1
P -0.279527 1.291336 9 P 0 0 ;0=5,1=1
P -0.279527 1.543304 9 P 0 0 ;0=5,1=1
P -0.2795276 1.2598425 9 P 0 0 ;0=5,1=1
P -0.2795276 1.3228346 9 P 0 0 ;0=5,1=1
P -0.2795276 1.3543307 9 P 0 0 ;0=5,1=1
P -0.2795276 1.3858268 9 P 0 0 ;0=5,1=1
P -0.2795276 1.4173228 9 P 0 0 ;0=5,1=1
P -0.2795276 1.4488189 9 P 0 0 ;0=5,1=1
P -0.2795276 1.511811 9 P 0 0 ;0=5,1=1
P -0.2795276 1.6377953 9 P 0 0 ;0=5,1=1
P -0.2952756 1.1456693 9 P 0 0 ;0=5,1=1
P -0.2992126 0.6023622 9 P 0 0 ;0=5,1=1
P -0.311023 1.291336 9 P 0 0 ;0=5,1=1
P -0.311023 1.322832 9 P 0 0 ;0=5,1=1
P -0.311023 1.669288 9 P 0 0 ;0=5,1=1
P -0.3110236 1.1968504 9 P 0 0 ;0=5,1=1
P -0.3110236 1.3858268 9 P 0 0 ;0=5,1=1
P -0.3110236 1.4173228 9 P 0 0 ;0=5,1=1
P -0.3110236 1.5748031 9 P 0 0 ;0=5,1=1
P -0.3110236 1.6062992 9 P 0 0 ;0=5,1=1
P 0.3188967 0.405511 9 P 0 0 ;0=5,1=1
P -0.326771 1.153541 9 P 0 0 ;0=5,1=1
P -0.3267717 1.7519685 9 P 0 0 ;0=5,1=1
P -0.3267717 1.9015748 9 P 0 0 ;0=5,1=1
P -0.3385827 1.8582677 9 P 0 0 ;0=5,1=1
P 0.3425197 0.5826772 9 P 0 0 ;0=5,1=1
P -0.3464567 0.3464567 9 P 0 0 ;0=5,1=1
P 0.3543307 0.4015748 9 P 0 0 ;0=5,1=1
P -0.3779528 1.5275591 9 P 0 0 ;0=5,1=1
P 0.3858268 0.1496063 9 P 0 0 ;0=5,1=1
P -0.389763 1.681099 9 P 0 0 ;0=5,1=1
P -0.401574 1.641729 9 P 0 0 ;0=5,1=1
P -0.4015748 1.2244094 9 P 0 0 ;0=5,1=1
P -0.413385 1.531493 9 P 0 0 ;0=5,1=1
P -0.413385 1.673225 9 P 0 0 ;0=5,1=1
P -0.4173228 0.9409449 9 P 0 0 ;0=5,1=1
P -0.4251969 1.2322835 9 P 0 0 ;0=5,1=1
P 0.4448819 1.4015748 9 P 0 0 ;0=5,1=1
P -0.448818 1.228344 9 P 0 0 ;0=5,1=1
P -0.448818 1.606296 9 P 0 0 ;0=5,1=1
P -0.456692 1.704721 9 P 0 0 ;0=5,1=1
P -0.4566928 1.4251969 9 P 0 0 ;0=5,1=1
P -0.4596353 1.3031496 9 P 0 0 ;0=5,1=1
P -0.464566 1.559052 9 P 0 0 ;0=5,1=1
P -0.4645669 1.0393701 9 P 0 0 ;0=5,1=1
P -0.4685039 1.3464567 9 P 0 0 ;0=5,1=1
P 0.4685039 1.3858268 9 P 0 0 ;0=5,1=1
P -0.4724409 0.496063 9 P 0 0 ;0=5,1=1
P 0.484252 1.4566929 9 P 0 0 ;0=5,1=1
P -0.4857801 1.4173228 9 P 0 0 ;0=5,1=1
P -0.488189 1.7094094 9 P 0 0 ;0=5,1=1
P -0.492126 1.3897638 9 P 0 0 ;0=5,1=1
P -0.4950781 1.1102362 9 P 0 0 ;0=5,1=1
P -0.499999 1.543304 9 P 0 0 ;0=5,1=1
P -0.499999 1.5748 9 P 0 0 ;0=5,1=1
P -0.503936 1.472438 9 P 0 0 ;0=5,1=1
P -0.503936 1.645666 9 P 0 0 ;0=5,1=1
P -0.503937 1.3385827 9 P 0 0 ;0=5,1=1
P -0.511811 1.7362205 9 P 0 0 ;0=5,1=1
P -0.5191877 1.2322835 9 P 0 0 ;0=5,1=1
P -0.5219607 1.1377953 9 P 0 0 ;0=5,1=1
P -0.5669291 1.1417323 9 P 0 0 ;0=5,1=1
P 0.5669291 1.7244094 9 P 0 0 ;0=5,1=1
P -0.606298 1.775587 9 P 0 0 ;0=5,1=1
P -0.6181102 1.3070866 9 P 0 0 ;0=5,1=1
P -0.6181102 1.3385827 9 P 0 0 ;0=5,1=1
P -0.6181102 1.4330709 9 P 0 0 ;0=5,1=1
P -0.6574803 1.2913386 9 P 0 0 ;0=5,1=1
P 0.659941 1.7519685 9 P 0 0 ;0=5,1=1
P -0.665353 1.358265 9 P 0 0 ;0=5,1=1
P -0.6653543 1.1732283 9 P 0 0 ;0=5,1=1
P 0.7007874 0.6653543 9 P 0 0 ;0=5,1=1
P -0.7047244 1.996063 9 P 0 0 ;0=5,1=1
P 0.7086614 1.4330709 9 P 0 0 ;0=5,1=1
P -0.7125984 1.3110236 9 P 0 0 ;0=5,1=1
P 0.7214566 0.2204724 9 P 0 0 ;0=5,1=1
P -0.7322835 1.3267717 9 P 0 0 ;0=5,1=1
P -0.7322835 1.3543307 9 P 0 0 ;0=5,1=1
P -0.736219 1.429131 9 P 0 0 ;0=5,1=1
P -0.7362205 1.4015748 9 P 0 0 ;0=5,1=1
P -0.7480315 0.8452994 9 P 0 0 ;0=5,1=1
P -0.7480315 0.8672994 9 P 0 0 ;0=5,1=1
P 0.7480315 1.7007874 9 P 0 0 ;0=5,1=1
P -0.7677165 1.1653543 9 P 0 0 ;0=5,1=1
P -0.7758753 1.2477467 9 P 0 0 ;0=5,1=1
P 0.7795276 1.4133858 9 P 0 0 ;0=5,1=1
P 0.7952756 0.9724409 9 P 0 0 ;0=5,1=1
P -0.8070866 1.4330709 9 P 0 0 ;0=5,1=1
P -0.8149606 1.7716535 9 P 0 0 ;0=5,1=1
P 0.842518 0.736219 9 P 0 0 ;0=5,1=1
P 0.846455 0.350393 9 P 0 0 ;0=5,1=1
P -0.8602284 1.5098502 9 P 0 0 ;0=5,1=1
P -0.8622047 1.1456693 9 P 0 0 ;0=5,1=1
P 0.8700787 1.2440945 9 P 0 0 ;0=5,1=1
P 0.8779528 0.7519685 9 P 0 0 ;0=5,1=1
P 0.8976378 1.1811024 9 P 0 0 ;0=5,1=1
P 0.9055118 1.6456693 9 P 0 0 ;0=5,1=1
P -0.912197 1.8491735 9 P 0 0 ;0=5,1=1
P -0.940943 1.81102 9 P 0 0 ;0=5,1=1
P 0.9409449 1.2007874 9 P 0 0 ;0=5,1=1
P -0.9409449 1.6771654 9 P 0 0 ;0=5,1=1
P -0.9409449 1.7362205 9 P 0 0 ;0=5,1=1
P -0.9409449 1.7716535 9 P 0 0 ;0=5,1=1
P -0.9488189 1.480315 9 P 0 0 ;0=5,1=1
P -0.9488189 1.511811 9 P 0 0 ;0=5,1=1
P 0.9685039 1.2283465 9 P 0 0 ;0=5,1=1
P -0.976376 1.724406 9 P 0 0 ;0=5,1=1
P -0.980313 1.539367 9 P 0 0 ;0=5,1=1
P -0.980315 0.7637795 9 P 0 0 ;0=5,1=1
P -0.980315 1.5748031 9 P 0 0 ;0=5,1=1
P -0.980315 1.5984252 9 P 0 0 ;0=5,1=1
P 0.996063 1.6062992 9 P 0 0 ;0=5,1=1
P -1 0.5826772 9 P 0 0 ;0=5,1=1
P 1.0511811 0.9251969 9 P 0 0 ;0=5,1=1
P -1.0944882 0.5836614 9 P 0 0 ;0=5,1=1
P -1.2480315 0.4330709 9 P 0 0 ;0=5,1=1
P -1.2480315 0.5275591 9 P 0 0 ;0=5,1=1
P 1.2480315 1.6889764 9 P 0 0 ;0=5,1=1
P -1.2992126 0.9645669 9 P 0 0 ;0=5,1=1
P 1.3149607 0.4133858 9 P 0 0 ;0=5,1=1
P -1.3228346 1.9173228 9 P 0 0 ;0=5,1=1
P -1.3779528 1.0511811 9 P 0 0 ;0=5,1=1
P 1.3779528 1.7037401 9 P 0 0 ;0=5,1=1
P -1.401572 1.027557 9 P 0 0 ;0=5,1=1
P -1.511811 0.3582677 9 P 0 0 ;0=5,1=1
P 1.6062992 1.6122047 9 P 0 0 ;0=5,1=1
P 1.6141732 1.7598425 9 P 0 0 ;0=5,1=1
P -1.6377953 1.3228346 9 P 0 0 ;0=5,1=1
P -1.7362205 1.0393701 9 P 0 0 ;0=5,1=1
P -1.7598425 1.1653543 9 P 0 0 ;0=5,1=1
P -1.765748 0.4291339 9 P 0 0 ;0=5,1=1
P -1.7677165 1.9094488 9 P 0 0 ;0=5,1=1
P -1.7716535 1.4645669 9 P 0 0 ;0=5,1=1
P -1.7952756 0.5275591 9 P 0 0 ;0=5,1=1
P -1.822831 1.940941 9 P 0 0 ;0=5,1=1
P -1.8425197 1.9015748 9 P 0 0 ;0=5,1=1
P -1.8700787 0.6692913 9 P 0 0 ;0=5,1=1
